3549 -5054
-374 -4879
472 -4334
-344 -2968
1547 -7427
-3917 5340
4668 5554
1374 -578
2935 -104
505 -6097
6828 -2314
-2457 7193
-3853 -1117
2888 -4713
-1470 682
222 1741
-1609 3171
2409 -2445
-5487 537
1928 -749
-1560 -4331
-1933 1045
-1509 -1348
-6097 -1487
3699 -1845
-1692 1894
-918 2965
306 710
-781 2716
-2013 1016
-2461 1374
15630 1714
4394 575
-4435 -623
-1779 1908
1509 457
-305 -3129
-1521 3295
774 1259
123 2799
-2912 -4250
5412 -3815
45 -4354
846 2595
2719 1219
1872 -6621
-1823 -4453
-2568 5037
-4864 157
3954 -2169
-1345 -1289
-2475 -1773
-2181 953
-2619 6791
4883 -2162
2337 244
-5452 -1183
576 3387
-1210 -968
-3957 4378
-586 1243
-974 1629
774 3826
-2578 6448
-936 -3315
509 798
-1663 1035
54 -3262
3346 2836
1024 12
-3902 1015
-5304 3545
1051 1555
3459 -6140
-3339 -2174
1736 7850
1954 366
-2972 849
-6002 -987
1986 -3551
4559 -4130
-2932 -11995
636 -6580
-3876 5283
2263 501
4104 10242
5471 5573
-4731 -9339
-11087 -7393
-1826 -18425
-17700 -11381
-7579 12949
3688 -451
-11954 -8377
-11536 3465
828 6405
4918 9435
7323 13008
-4070 7771
-2414 -1542
-3573 -5369
-10807 -2123
-782 -4102
154 -1834
12691 5554
6982 16982
9558 2434
2805 -6852
-7833 -2586
18086 8325
9448 -4928
-3160 -12738
-15300 -5503
-9929 -16643
-6235 -9482
2259 6383
33 1983
4231 6366
6496 519
-9335 4418
-10886 -6723
-5835 -12755
-14690 -1202
1528 11086
6546 -2430
-12080 -2340
-9962 3695
7126 11010
9380 2773
11340 8748
-2840 -2500
-4222 -2662
3094 1494
-6997 -2733
-2635 -570
5204 1945
6880 2624
10662 6321
12775 -6414
-4226 -15279
-11872 -1571
13460 660
6089 -12042
-4850 -2959
-9497 953
-17402 -8123
-2412 -2025
-1192 7085
2098 -258
5842 1054
4236 3607
-9902 1424
-12122 1911
-10189 -2658
-5511 7915
5077 14508
-2155 -4918
-3985 7961
-4349 14900
13189 1925
11329 1107
15857 8735
7246 7568
-2257 -1001
2014 -3654
-8805 1394
-5765 4013
5743 -6454
11806 -2897
15081 -4837
10409 -7770
-5510 -5444
-5821 830
9457 -3492
-1079 -7714
-13937 -6446
-20156 -1675
-18078 -4053
-3425 -326
7066 -1904
-1027 -922
6324 -7945
9122 1465
-7012 5911
-3723 6350
-18542 3018
-10436 9539
9901 2984
5758 -3215
-3166 2281
1567 6649
5463 1935
8205 -5117
15246 -6982
2140 2050
-4396 427
-2549 -9693
-7025 -2815
-2520 1420
7160 -3546
2996 -9228
10800 -11355
2540 -5972
-13341 -4350
-3648 3850
5153 -7225
-9180 -11711
-16963 2945
-6545 4705
-14003 8261
-4531 3942
4805 -5388
2216 -2492
3396 485
5022 -3610
490 7022
-3440 9880
-16012 9929
-6283 13345
10890 -467
2155 -8385
-6767 6864
2415 7645
11105 -4878
13685 -8257
18254 -12383
3206 -2180
-3126 3037
-2292 -5139
-1622 7275
384 6222
2014 -9553
5428 -6994
8765 -9871
323 -14826
-8532 1053
610 -251
-4498 -8586
-11767 -5475
-9553 1156
8228 8600
1521 2725
-10035 2861
-13223 12070
-5682 5233
3324 1694
4745 8984
10311 11153
10089 16517
2199 7161
-7542 7270
-1867 772
6594 -13280
-11120 -9674
-8418 889
-6978 -16614
-1280 -5702
9481 8681
12624 -8443
1522 -5383
8162 -2594
-8945 -4819
-14262 -1185
-3004 1532
-8355 5877
-4358 -1114
-1197 -10392
-9028 -6054
325 1258
-6133 12287
-11757 -3946
3560 -8050
-14697 -6156
-8970 11146
-9105 9193
-1013 -6506
-7032 -4894
-8995 951
1680 9070
-9155 8661
-9956 3979
-1414 -648
-6860 -5858
-15521 10228
-11409 2108
-2140 -1970
-297 9209
15178 -221
5230 778
1282 4998
-4132 5470
-4411 2018
-6988 13034
-3384 4980
-7483 3177
2517 -5220
5371 -2893
3147 -16525
5236 -14317
1095 3197
3420 2901
-2335 -8083
-14937 -1907
-4214 -793
7699 -5551
5984 -50
-1124 15950
2413 8761
823 7039
-1342 -4473
5863 5364
12873 4680
13310 -170
8495 -3720
643 5486
-1812 2500
-9940 -5082
-12260 316
-11887 6678
-6795 -285
5599 -2234
10943 -3809
2159 -18232
2893 -9126
536 -3812
-6767 -3603
-9784 11851
-1800 3748
6054 4095
-395 8838
-6969 -3291
-9274 4648
-1369 3486
-581 10512
-5354 271
-14799 -1206
-12001 6951
1999 9184
-1656 17023
-2233 2834
-8040 -914
-3207 -802
6702 7763
594 13719
1419 8319
-9343 -4924
-5433 4059
-5740 12146
-6929 7089
-3656 1397
11073 845
10343 -8053
-928 -10835
9050 -2852
-1038 4170
-6428 20131
7686 9246
11873 -186
2685 6613
-537 5980
-4740 -11306
-13131 -11135
-13133 -15872
645 -2625
-7710 4168
-6438 -9054
-13744 10370
-5850 4897
-749 -471
854 -3616
6941 6163
11386 5218
3290 2156
-2323 -3157
4881 -4053
14652 -5892
1690 -13417
2705 -1129
5434 643
4208 -832
-17539 -1643
-9517 15707
-1008 5262
-8651 698
1479 2022
1632 -11082
-9714 -10279
918 -2284
5038 -7317
-6681 10455
5454 8992
7892 4113
6979 4259
3501 7057
-10286 6188
-5056 14244
1591 6882
8214 -1641
795 7652
-12962 8158
3847 1892
9331 -3171
4055 -9
-4255 1918
-4072 -778
8202 -6321
-1919 -2773
-646 3199
-757 -4185
-5202 -13568
-23181 -1827
-19609 -1491
-4133 2484
-11683 -1102
-19969 1933
-18064 2904
-1369 -4324
12280 1097
-6031 971
-5971 3654
-2227 3729
-4914 -524
13817 10730
17835 7593
6740 6524
11621 21318
7092 358
-7899 -7447
-9601 1821
-8116 -8495
-2586 1172
9819 1220
-3874 6204
-1982 2102
1591 1111
-8794 3091
1370 11480
16802 5758
4625 4335
1618 -1388
-2535 -1375
492 -5228
1945 11870
747 8885
7936 -6039
-3314 4615
-4377 15946
7050 16731
9840 12436
9335 4992
9771 4342
1939 7719
-3670 6838
-10406 -4900
-6226 -4673
-6646 404
1787 5396
10933 4201
7069 -391
-159 6549
10199 9863
-4730 -2762
-8225 583
-11662 4717
939 -8777
7507 -12208
2731 -3934
7392 -4378
-3635 1281
-6176 -3987
-1254 350
-3634 11647
-3695 160
-7262 629
-12038 12348
-14825 14121
-2847 -716
-6821 -377
-7788 18103
-4939 13456
-17574 13349
-3710 5179
-1088 -3182
-2425 -3554
-3451 -6994
5293 1491
19554 2350
19896 -11601
-295 -7666
-7843 -10623
-16138 -9827
-11666 6830
-9233 4116
8689 5585
14949 2473
8874 -11792
-1926 2524
722 4397
-2494 2271
-10248 3093
-1334 -3137
-2034 -11056
-2463 -3784
-614 -3094
-9801 -2629
-7378 332
-3842 -8401
5863 -5356
4843 -11131
-8379 4940
-7166 6867
2050 1540
-3883 15805
-5612 17495
5419 10537
9108 9882
4680 12886
-7799 17672
8737 8730
-2010 5798
-6097 -5534
6509 6406
12938 -602
2761 -7559
3360 354
6103 1889
1933 -2769
-4166 1992
1336 8266
-1565 8283
-3613 15597
8897 12557
-16816 6590
-14682 -5448
4227 4383
16014 -3238
1127 -4340
-11912 1171
-2385 3646
397 4621
972 -2609
14601 -1509
4129 5366
-9439 10076
-6930 23885
-3413 5846
-1525 5975
-3408 -11285
-8513 -5504
165 3593
10081 -19473
-318 -15705
-7098 -10552
-7048 -812
-17890 3732
-7930 12169
3277 5925
9692 644
14330 -14470
-4257 -15495
-3121 -10653
-2120 3206
-7343 8942
4938 227
9653 3711
3169 -374
-5843 -441
-10812 776
11012 -136
15720 -10553
-833 -4045
-3027 9381
462 11491
-1045 13443
-13524 11009
-15029 -4946
-9146 -5918
-7591 -8121
2290 3876
7735 5935
283 8230
5809 7176
7697 4508
12067 -1566
6689 -3786
11738 -15178
-672 -12406
1548 -4356
-7115 -3132
-10676 1877
7792 2263
4842 14804
11797 -11668
-3361 -9007
-6670 -3926
11607 -11263
-652 -22856
-75 3307
5380 6802
3806 -8734
7556 -8518
979 -14515
-2310 -1134
-1923 -1946
-13152 -6031
-9057 -7024
4273 -9667
-1184 -15300
-6438 -13144
-14639 -13870
-14791 -5560
-5136 1357
5050 7153
13506 -149
2056 5159
-2529 8384
5284 12247
16433 -988
3043 5005
810 -3447
-222 -11285
-7293 -5766
-2766 3061
4849 5008
-405 2377
1047 3492
7696 -286
-502 -7772
-392 -11012
8449 -2402
-4113 4046
-6637 7727
4968 -5236
1271 -25706
-8474 -3244
8887 10115
9390 4929
12644 11898
5294 15397
-7615 12009
-6758 6600
6577 -12052
-108 3735
-5728 2783
10085 2593
61 -6113
6619 4163
1875 -6335
-2209 -11625
686 -3521
3207 -7357
3244 3864
2863 17911
-4728 2741
-5253 -8344
-5723 -5843
-237 1287
-178 -1356
-6307 6325
-12271 -2565
-4393 1134
-4465 8846
9687 -310
718 -7646
-1107 -11820
5890 -5336
21251 -393
14153 -9664
-3304 -7263
5852 20795
3165 3515
-5844 879
-16340 14076
-12870 9681
-4643 16444
2046 11063
12577 387
15523 -1585
9572 -3429
-1357 5347
13586 5501
8955 6614
14050 -1520
9808 -6957
2024 -6836
832 1585
827 4493
-2837 5571
5454 -2714
9599 -7111
12207 -3141
1189 -4995
-5242 11818
307 9292
-2252 -4003
-5597 13093
707 7612
-6220 11651
14352 9087
27305 5826
4779 1672
-961 -619
-9940 -6489
-11091 10031
-895 9517
-1020 -3594
-3279 2476
-250 3497
6629 -2514
-4347 -2266
2626 3529
-4175 -724
-11003 -6413
2288 -3770
3433 -3725
7172 1778
12252 11033
2104 2873
-7865 9726
-5244 1458
-6726 -1892
-403 -2970
-490 1119
10808 986
-4429 483
