-6999 -2795
-4295 1685
735 6106
-1919 -5728
-1381 -5543
10167 7915
-377 2501
-2443 -7658
-401 -6903
-2416 -4598
5532 -9551
10189 1180
4469 -336
-529 -771
-13153 -2451
8896 1584
12033 1692
-9061 5089
-373 3126
-4924 3286
-3541 4623
-5986 -67
8331 2427
6064 8436
-8943 -1802
3080 6234
-11229 -3685
-4463 5648
-7455 3905
629 966
-1156 -1180
3218 -2688
-5311 -2412
1701 -5508
-1111 -10131
4079 93
896 7105
-2063 3495
15231 -1522
2085 -1936
4928 -3811
-340 4098
-2250 -2807
-13202 3129
1827 4674
4140 -2133
414 -5482
-119 -2027
-1121 -2293
-9213 -3432
-6057 -10915
-1678 8670
5270 -4358
5230 1420
6249 -2206
1268 4931
-10951 -3583
-6749 -5188
-2095 -6880
-294 -2915
10181 2012
-2128 3882
49 -2951
9404 -10281
170 -6187
7698 2337
1235 -389
3431 2568
-1159 -7002
-769 3150
6006 387
-279 -5682
1547 3213
-1090 5545
3651 402
-1451 11639
7639 -2117
-9978 -739
-2411 -10233
9450 3608
-3293 -4973
553 -11368
-2099 -15601
19680 -965
10305 17826
-8839 7181
13472 -13061
10516 10140
-4749 21185
-4811 10190
12598 3459
-655 -2247
-2084 -7259
10505 -6917
301 -6924
-5298 966
-1439 14492
-10945 10630
-8556 14439
-9588 -793
-4068 -14986
74 9350
-10515 9635
-4862 -13308
8611 -11588
1868 -19886
865 -13778
-585 3681
-4066 4525
-1340 3625
-4601 9871
7920 -7133
16195 -7915
22955 -10051
11989 -3404
1765 9131
-199 9189
-2614 -20
9123 5586
-386 14561
-12129 13372
-16755 8198
-7867 21181
-232 -9395
2663 -9350
7708 3801
10628 -2863
320 3580
-10405 -1298
-17562 2513
-8569 4025
2125 -12829
10321 -8427
-10801 4734
-7744 -13316
3179 -10568
15094 1740
10802 3796
8088 954
-7043 4491
3977 -14342
-6195 3964
-9238 -3691
-1485 8979
6320 5630
15822 7842
15931 8246
-578 15291
-12619 -7028
-2629 -5216
-5289 6065
-4560 10648
-5977 -4583
-16666 -14863
2173 -2912
6997 1449
992 2042
-9531 10614
2369 3233
2514 -4413
-12320 -7644
-9364 -15785
-8099 -14598
9138 -8972
7660 3003
-892 5221
-4123 -14905
12391 -5611
-7459 4616
8706 13577
17843 7160
-1890 334
-1783 -3235
1981 -2495
1446 -3389
-2797 4678
2181 13780
9448 5623
-4355 16088
-7413 -4323
-5207 -6682
-6665 941
-8597 4865
-552 -5396
-8570 -8253
-1930 -15983
-12311 -14137
7502 -1306
-5254 -1431
-3408 11796
3463 7170
-3326 -1600
5771 -13508
6404 -13509
15829 -12210
7095 10581
-6894 7343
-6135 -1363
10305 -8136
4772 15688
4186 23678
-592 15933
-4391 9398
-2078 10060
-1038 -6718
-722 -6017
12841 6508
-5418 -1183
-16944 1884
-536 -1905
-17184 18756
-10300 -4250
11145 -925
4079 -138
-7312 1587
-13360 -19872
6033 -10805
19176 -9252
3804 -16483
-1192 395
-13696 8473
-3096 5342
-9588 8069
-3416 4649
12418 5197
11316 -13443
8712 -657
3106 18227
-7772 5181
519 3173
16669 5487
-6627 10560
-13439 7882
-3960 5945
-10806 -1582
4487 -3716
2017 2870
5981 2846
6624 -1705
4384 433
-3655 -5939
-984 3213
-17893 5522
-7868 -2016
-6404 6030
-9238 150
16204 -8375
9737 8170
23003 -9949
9948 -12576
10228 -2113
-3242 7164
-878 360
1885 3256
7766 1580
16222 5520
-1075 1932
-8998 8389
8501 9734
6982 741
6550 12192
-12795 -3296
-11315 -2508
-5618 7551
-8522 2102
3218 5155
-11665 14787
-16487 3826
-2617 9042
-5141 -4827
19752 -2518
19612 9372
8972 3193
1871 1694
741 -9027
1159 -11260
5962 -16645
1195 -2315
-1480 2761
-20099 11096
-16320 -12099
-9477 -14585
-6075 4962
-236 6036
-13836 13258
-18335 12337
-7112 -6358
6987 -25015
1010 1418
-8187 -2568
-8952 -9054
-7633 -7593
2436 -2221
-7723 3912
-12329 -7554
7894 -14411
14047 -8862
13959 -1314
10147 -6002
9344 -7796
11356 -1773
-9436 3641
-12081 862
-7757 8750
-18314 2156
-14108 -7828
10015 -18108
8802 -19784
5249 -15536
-2874 504
-4380 15616
-4147 2154
129 8688
6081 16458
-246 15345
-5877 5590
-9377 -5944
-12618 2079
-6841 19766
-5707 8038
-5600 -5906
-10148 -9421
1422 1306
-6761 -1835
-6751 -12349
3321 -8785
15061 -3355
2200 -5943
723 -7544
-10541 -11097
2408 -4782
3514 -12060
11766 -11023
-3902 -6176
-101 19989
-15944 3567
-9875 9403
7025 18936
-4003 5954
11817 2213
6994 13950
1668 1147
-2844 -11392
-11007 -6232
-1213 -22594
11593 -6507
-2412 1683
-1657 -5795
-12306 -5986
-4326 -8216
16512 1141
5242 6426
8417 -4471
12590 -7287
7314 2200
8055 -1109
5022 2907
11035 -7274
-1154 -2726
14405 3682
-5437 7240
-7360 14468
6170 12165
16167 10357
-1857 9377
5191 -8663
2280 -4680
-8455 -6605
2565 -15683
15336 -9572
15077 7114
15797 4926
27305 -9326
12951 8687
-3461 -494
-6689 -9249
-2685 -1346
-9847 -3600
-9891 -20160
-7224 100
3084 -90
3472 -944
-6584 -9783
240 -16823
9037 -2261
10957 -4444
7438 1427
-3549 -1579
11246 -15110
9020 7663
8184 46
4534 6567
4998 55
11218 6239
14897 -787
14592 7857
6499 -7651
-6084 2871
-6569 -1346
561 -20000
10175 471
4205 24606
-4062 6458
-3070 3397
12385 881
-315 857
-937 -1337
-113 8598
4939 -6668
-9857 3938
-6880 -767
-8247 15412
-6742 10661
1535 6144
19014 -8804
4974 16617
-867 18689
-14453 13446
-13991 -5707
-1136 -5225
5967 -4860
2428 -5818
6643 7996
4076 12739
-6287 22332
453 6942
18407 6675
-6950 8452
-10885 8201
-456 10804
-6085 5422
1696 -7758
11567 -2770
10851 -4955
-5962 7045
-3958 -7776
2909 -17978
3916 5893
-20609 5306
-6688 -464
8548 11810
7020 -5217
8690 -4941
2820 1085
-6683 -3288
207 -8867
14422 16286
6588 -3127
7252 -8941
3427 -13257
-4056 -8234
1682 -14932
5602 -6977
7104 -14780
7711 -5734
8177 -343
2994 2812
-368 9237
-1757 9755
-3558 8786
1146 17414
-634 7222
-17012 1284
-8387 -5868
-10667 904
-14967 -12934
-6203 -7819
1507 -3204
5239 9665
12796 1133
-2590 3270
-1718 -3618
8414 -16817
9633 3637
1479 -10766
-8375 -15994
527 -20843
-2429 -6131
-832 13665
-15652 17347
-16652 18020
-14304 8908
-14655 -7587
4816 -8659
-3781 15134
-11362 -3855
-28189 -6462
-8639 -579
-12144 2512
11388 -7385
18362 -5275
13410 -504
5621 -10108
8594 -9727
10326 13302
9241 2722
8190 -171
-3203 15068
-3517 2258
-9022 3270
-21357 -744
-16157 2753
-1931 -4083
-3817 396
4764 5875
-2566 13774
-4667 8101
-1607 17214
-4181 -3156
-2389 -4819
3768 -16127
-4473 -3323
-14136 -7378
-25141 -3318
-12256 -2817
3586 10598
9201 6283
-7806 18005
12409 10844
12878 -1590
15439 5359
408 -10887
1259 -19524
4762 4626
-5704 -2084
-14382 -5440
2260 -3319
-5102 4968
-15509 -9703
4082 -18930
-4518 11664
-7492 16222
-16692 1917
-15810 -8185
11355 -6773
16861 -3981
2352 -170
-1704 1482
2159 565
-2611 645
1355 -9950
-4897 13819
-13165 -6684
14267 -14050
7725 -12470
-5606 -5194
-952 -9682
-1212 -9859
-12460 -3627
4466 -12361
7437 -8445
18108 -3210
8560 -2520
1253 -648
-15891 19855
-3376 716
-238 12351
10786 -5500
-8365 -4820
-11422 -3057
-1588 1373
2601 9060
792 -2413
4110 12703
3470 10008
-15714 16419
-13182 -10590
610 -8567
5959 425
11660 3513
4111 8082
11371 6416
5260 4369
14050 13030
9272 20820
2684 11713
-445 24725
-3177 6700
2580 10393
-17875 -14182
-5958 -8229
-12930 7306
-5450 -1105
2479 1366
-9337 11643
-2236 7218
19117 4603
15255 2073
-571 -6232
-560 -2609
-1967 7350
19295 10154
6990 -2185
-5445 2638
6650 10247
-13276 18679
-11206 18279
-12733 -5753
-621 -12894
4560 553
934 14552
10715 14435
-1633 10037
-2721 3483
-7138 -8953
-6254 -24398
-739 -21113
11398 2573
-8704 -1457
-22773 -7516
-15919 1234
1004 2974
807 1462
-3946 -4851
-1323 -23085
-4928 -12094
-1691 7411
-19601 4862
-10356 7698
-5600 -10196
9566 6788
16753 4848
4817 -1315
3529 -12138
-8429 5654
-18056 -2251
9533 -2052
-1672 -782
-7327 3299
-325 -13351
8815 -9275
14164 1184
2302 13960
-9871 5734
-6302 2950
-1348 5489
-15393 12139
-22454 1036
-21084 5802
-20424 -3399
-5786 -9335
11250 -12840
13174 -7565
7943 12328
-1564 2060
-2450 -8214
7484 1177
-7872 7857
-13372 895
-12888 -1052
-6353 -421
3340 2429
-3882 -7907
9959 -13841
15516 -7178
8964 2820
-2195 8019
5183 714
-8020 -2782
-22440 -6008
-11469 -9649
4053 -2923
-4606 15889
132 -8716
-7643 -6844
-15145 1839
-2340 -14218
-4984 -2019
-11733 -8322
-11964 -11761
-3719 -9772
-1349 -14013
-2866 -23152
-6973 -14104
-10052 -14967
-10961 2362
784 5536
7858 6617
13514 2335
17189 141
11579 13580
3250 2529
6680 -1662
-516 -4510
-8232 -7176
-8136 -2597
2395 -6975
3024 -20
8888 -4726
-3396 233
-602 17542
-12809 2909
-7106 -14590
-1311 -2610
5269 -5075
1272 7269
-8225 9996
-8342 6481
5437 7996
12251 5493
15245 1494
2907 5625
-4611 6465
10512 5125
3766 -4305
6915 447
1592 13234
-16918 1039
2883 -12341
11464 7783
-2368 4961
5602 -9837
-8210 -11906
2450 -12026
5238 8033
-695 -1764
14535 -2060
18237 9676
-5096 14371
-7825 12904
-4796 2880
6130 3491
-2643 3468
-1458 9611
-7038 -7620
