-1758 5779
-594 -3846
-1891 -281
1086 -865
145 -139
147 2946
-1149 -23
83 -393
-160 1032
2020 -3733
-1809 1102
-3041 614
-304 -3563
983 2052
2323 1943
276 234
676 -1673
-435 3231
-577 1507
-1995 3119
-1523 -911
2130 722
-2086 -4540
9 -2775
1393 -1013
5 -776
2504 1523
-281 -965
845 -620
-1284 258
914 -1215
-886 1581
-3013 -2623
1168 -1387
-601 -2713
482 -450
1779 -3154
1772 6304
-399 -616
611 338
-1721 1254
-3075 3156
-3354 -963
1707 145
-2519 2330
-235 -1600
1386 927
3305 -2679
-1100 -290
-1419 3616
-2348 3278
1368 1057
700 5637
-2563 885
453 -28
-2574 1495
-544 -2316
2737 -38
-2360 1012
-3242 1777
1875 898
-665 -467
4062 -433
-2096 -2608
1109 766
1887 -773
-34 1579
-2327 -734
-249 1929
1077 -2690
154 3769
-188 -5123
-2072 -988
1834 2436
1699 -678
-2250 460
4029 -691
804 2265
3187 -2718
50 868
10880 2572
12871 5835
258 12721
-16710 -3341
5595 -10579
7739 16897
-9842 8342
-15149 -12096
-733 -10730
-7115 -6853
637 1176
8182 5977
-5075 451
1380 8296
1802 1236
1381 -12908
725 -10827
-3721 -16200
17499 -8732
11031 12610
-9327 4425
7439 -16599
10256 689
-2071 18506
-6010 12869
569 15995
611 -3762
-3425 -12884
5914 2058
9151 -8137
-2362 -3570
-7182 7154
-9641 10095
-5444 11927
-13073 -2968
2086 -18124
11638 4423
-15829 5373
-6243 -11336
14164 -12655
11863 -5065
11159 -8871
-5808 -3058
-2708 10052
4221 -3592
-11364 -1150
1663 1964
13179 -3861
10003 2625
11745 -4384
8002 14695
-11035 11589
-6156 -10968
14952 3938
-524 12172
-14431 -1967
-10572 -5828
-11884 437
5214 1531
10600 -6140
-3842 357
5532 6265
-2185 -2119
-9769 -7769
-4856 -7678
-12349 -9203
4336 -13612
17068 -1087
-6013 10419
-7665 -18560
11599 -8657
13244 14541
696 10115
9608 11605
-1890 -3410
-11817 -7217
6340 5261
-95 -9565
-1038 -1032
-2047 14678
-2712 12198
3660 15273
-11219 6344
-9491 -12315
10424 -5887
-5428 15921
-7585 -1791
-415 -18159
6044 -10805
-624 -12731
-5171 2210
688 10455
-2080 -2122
-8588 9878
2131 4796
7704 -10185
7757 -7335
7480 -16307
10675 6614
202 14891
-7399 -3495
15536 -6426
5589 13137
-12134 11570
-10733 -1558
-8762 12734
4651 1049
3731 -11530
-1455 2203
13068 -2272
3798 -3115
-12746 -1483
-8355 -947
-14260 4657
-8005 -12503
11654 -10230
2596 12752
-15431 -4338
2060 -13892
18406 -619
8583 3683
18926 -3670
-3241 160
-7082 -803
2742 -2701
-10356 -5474
-1846 1604
6985 11872
7279 8516
15675 7022
-6490 10951
-16199 -1335
1951 -12433
6180 16880
-11429 8231
-10188 -14166
-6022 -8512
-10320 -11451
-425 3764
11622 2447
-5727 -1966
-1705 11063
3929 -182
4515 -9487
2132 -12907
-10121 -17184
11698 -5794
8465 13462
-14574 6496
5793 -16767
13414 2578
203 17344
-6154 12715
1177 15623
5094 -4003
-3239 -9672
3059 -47
4766 -7507
-2637 -4794
-11930 9344
11198 4430
-3799 18013
-12170 5400
6094 9831
-3580 9658
-8510 -4804
11481 -10384
12862 -4859
-6049 -12188
5112 -11467
10193 -2983
-2150 11119
5781 12554
5180 -8320
10141 -3458
10158 3164
-6613 14175
724 6919
6181 -12266
10483 10118
-4471 8026
-15263 -143
-2334 6068
5831 -2569
13270 7480
-3872 16552
-12281 7141
8099 2609
-5022 -2519
6661 -13153
16052 5413
10448 7100
4443 -8910
-6809 -1443
-12538 -10073
7313 -12219
6169 -942
-11394 -987
801 10420
-11159 8196
-10368 -7033
-557 -7695
-50 10283
9743 10097
-6957 9134
-11131 -1410
-743 -21328
-7568 4103
-7834 4802
-10280 -4048
7408 -12200
5451 -13190
-8329 2416
-6758 291
-8274 -6346
10015 -8815
16455 -879
-2274 -3823
2515 -15826
15608 3748
-7036 5874
-20130 -1916
-1045 10654
-8689 8939
-14669 -7961
4666 -16064
14654 -9346
-6873 -5605
-1416 -11208
6647 1379
-9561 15038
-13089 4085
6992 10625
-2641 10138
-12178 -888
-703 -10537
-3581 -7752
-5910 9945
-9260 7241
-9614 -1489
2256 -15368
-3595 -7795
-7285 9206
-11992 -9112
8081 -9171
19089 1094
1606 -1899
-61 -3392
-11113 -4883
1968 -13411
14485 -6756
-6417 -1236
-317 437
-2312 14523
-14557 -6750
-6849 -9594
-5740 11980
5614 1636
13809 13511
-10364 12771
-2421 -616
11158 2822
858 -9543
12494 -10600
16639 7497
-985 5580
4174 -4892
-7776 -5657
4240 -13135
10301 -1352
1383 15767
3152 -4472
6514 -4448
11794 9056
-6630 10693
-8625 13617
8199 -2727
8312 -1049
7904 10297
-7969 6218
-17706 297
-2516 4500
-2112 15679
-13469 -5531
9486 -6592
13797 441
1391 -9386
9301 -10630
20675 4965
-10490 12798
-11627 5768
8649 7538
2753 9098
-9628 -5382
12234 -11058
9569 -1719
-3370 -11894
2968 -7812
10547 228
-3761 12106
5656 9059
1528 -12983
7912 -6660
12232 3464
-3978 13134
4082 13549
8461 -10022
12381 7022
-4685 9189
-17333 -920
-282 5147
-4097 716
14400 7459
-3629 14287
-12040 8036
7909 1200
-252 4192
2178 -13814
14836 5466
6144 10423
-20422 -117
-8513 -19990
9912 -7608
3108 1867
1690 4145
1424 6990
-1970 -4397
3183 -3402
1902 -1204
3548 -7396
-12236 -11340
-14224 -12327
7459 -10068
-3118 10774
-14655 12846
-14697 2353
-3114 -16182
4403 -13892
9148 6586
3129 4266
1236 2277
6471 -5399
-21621 -5436
-16115 -2270
-5879 -10143
-8213 8888
1536 -5898
5251 -15375
-298 -6670
-10445 -9329
9125 3320
15300 11388
-10109 15445
-8133 -1285
1009 -12349
14490 12060
-866 987
-2896 -17308
10364 -5769
-5685 6880
1982 -9486
2645 701
-13402 -9464
4772 -4895
7977 13420
-11816 -9073
-9309 -1314
-1022 15491
-5993 6143
8863 3329
8488 5223
3812 7023
-3440 12790
-12174 2592
-5372 -4307
2173 2483
2244 -916
-11602 -9100
401 -8990
2508 -8272
-9241 1041
10835 -7897
10317 -3265
-671 -2101
15327 3130
8888 14189
-7639 5976
961 -7549
-1815 -2646
254 -7486
4712 3897
-2619 3946
-3093 -2001
-1557 10465
9297 12650
10020 12043
-9670 8117
2320 -10691
17132 -14852
12160 -1416
8316 -12984
21198 5236
-1825 9868
1505 -4432
11409 -5013
8469 10778
12148 13166
1683 -1703
-3003 265
-15115 -4643
-15246 -594
5402 2485
1841 11712
-138 -16085
308 -20357
-4788 3565
2485 -11232
5753 -5869
11096 1127
5637 -5157
6394 9416
6371 -3918
-3455 -61
1906 -6718
595 -9107
-780 -5661
6435 -3372
9260 5777
-2928 -444
-5339 5764
-726 8396
4403 -269
19348 2998
11685 5853
695 -6997
-1088 -13464
5680 -17714
8829 -8629
-9612 -6106
-3261 -7575
7960 -95
-10841 10219
-2376 -79
11033 -3587
5305 9979
-458 7076
4377 -5769
1856 7852
-10226 8252
-6651 -1997
25589 2567
13924 4065
-3073 27305
-13077 7342
-17990 -23559
1903 -897
23 6172
-2849 -8741
9810 -1104
-3868 -4521
8489 -4416
5498 22893
-25887 -1873
-12238 -9834
-4760 11975
-18002 -3756
2179 -10101
-2812 3678
-9946 2210
-3647 -11369
-11988 -14608
-2050 -153
-120 -1418
12133 -54
19932 3815
-9635 -8649
-18 -10504
1984 12643
2936 19556
2743 -2794
11056 342
-1388 3972
-9112 2026
8347 -7656
16618 7211
5895 15676
-21965 2926
-7633 -4270
5011 -24197
-3855 -6199
-1401 1995
4918 -8950
11910 -7665
14131 -12079
17730 -1476
15384 10077
647 544
7329 -3815
-9501 14277
-13714 -7280
5402 -7669
4528 15561
-1526 -652
16604 8855
2503 1526
-10793 -22007
7181 -9060
-9540 996
-2120 7357
861 1417
-2444 -5535
5049 -8833
-7668 6310
2752 3008
5420 306
-5757 19803
996 10481
-14776 -7899
3999 -8041
13363 7139
4352 7885
4203 -9858
2777 3460
-7044 -3142
-9767 -6495
-6130 -1441
-2776 -16494
-1842 -3899
-9136 9952
-12591 9675
2667 6898
-2562 -6665
-8593 -8320
-14656 -1880
-4439 -10637
2347 -3778
-6024 9391
-3448 13517
-16586 -2786
3180 -17011
16707 -3068
-4134 2769
-412 -569
11226 2634
-10398 3273
-3524 -7826
6934 -7519
-7287 9479
-18275 -6624
-406 -13242
19690 -1553
8911 4756
-5235 17625
4325 6261
-3796 -2334
-5674 5697
-11139 5370
-15886 12239
-22655 3684
-16053 -12035
-1901 -2005
7412 -20286
14753 16184
-6520 16656
-4638 -16804
15349 1393
-2068 8185
-11230 -1143
-10167 4297
-3662 -9572
7694 -4285
-5919 -1501
-7869 -19784
24453 -12623
15563 8205
-6381 6297
-834 -3215
-1500 -1714
-17578 -327
-13820 -18196
6315 -3100
7918 13518
-1029 -6453
-3053 -5178
-11821 8130
-3102 -10534
511 -17491
-6817 1199
2378 -8727
1296 -20991
5417 -11298
5970 -5432
5515 -22364
6210 -15261
-6369 4142
-8404 3124
6332 11218
13217 9175
2341 6949
5305 11870
3094 -2020
9079 1200
2091 -5857
-10927 -8842
-4642 -9135
6347 -6362
14866 4087
-1397 3970
-6605 5379
-11245 2415
-11020 2844
3357 -13066
2152 -10172
4819 2370
1991 7697
-18240 4969
-1307 -7316
-5634 7204
11003 5440
15093 5689
-4032 10321
-7175 -10239
3596 5052
3741 11152
1929 -692
-8128 20454
-11339 -13753
5635 -18364
5413 15283
-13173 -2181
-999 -9361
8993 -779
11222 -4581
6498 8583
-5435 -296
6553 2619
7843 19997
-20420 6140
-13610 -5729
3157 -8773
2202 1468
2187 1028
-3643 -2405
599 2132
2156 2342
1904 3795
