2307 -201
2334 -381
-1491 4516
2645 5781
3647 -2454
-985 5580
-956 3513
2278 1042
2576 -716
4565 682
1078 -4128
-6948 -7774
2534 646
5612 4142
791 -265
-1175 801
941 -2588
-1595 -1313
-4827 1121
1507 -2311
5236 -227
-3002 -3843
1470 -2287
-837 -3529
3263 -1170
-2408 -3092
-4920 112
4649 2546
4505 -6858
2531 -1760
1647 -2378
-57 5081
4574 1403
-10 841
-2228 -4037
3850 -3330
3136 1274
-1648 -2225
-3767 198
760 3587
8226 -2298
342 2177
-6042 -1181
-5841 -667
-1304 -3666
-1264 -1228
-826 -1975
2741 669
4043 -3702
-7242 993
2676 -4801
3049 -451
3538 -6878
-780 -3816
9017 3343
4959 -2447
-1151 -1286
3543 660
5314 -4400
738 -2755
-4691 -2406
471 770
-5276 -1744
1330 613
815 -189
-195 -5639
2898 -2882
1840 -3610
-2034 -6774
-388 1609
2388 869
-1214 3034
-2143 -4367
1861 746
2462 1444
-1502 -8663
-5138 1519
4705 1199
-42 -2580
5079 6863
8045 3198
1191 11208
-11316 4954
-8525 -18647
14740 -5061
-3052 12299
-6477 -15349
23007 -4139
10230 9940
2987 9305
-1094 4802
-7040 -7196
-1532 -4277
11300 1807
3236 -6823
-9400 660
-8330 2707
-7846 -7178
-1886 -14436
22094 -273
-498 12299
-12067 -9070
12395 -3741
2465 15271
-16191 13410
-5319 -960
-8162 -3707
8428 -6246
-1068 -1100
-1750 4964
1811 4657
-793 -13151
6312 -18112
2855 -1693
9830 2710
-482 20406
-6951 -2836
4752 -3741
-1034 14077
-16823 -9447
-4007 -15417
3178 -9838
9036 5650
525 16998
5527 5944
-5019 -7515
-5574 5519
12390 7510
8251 2224
-1201 4900
-9779 15693
-18184 -4042
8332 -14307
2027 10960
-15510 -7291
11594 -17751
13606 833
8738 7685
-4836 6477
-15201 5398
-1726 -2309
8050 -4336
7416 -2859
-10620 18634
-9523 8692
-5609 -2668
-11995 -13670
12809 -16526
10879 5402
-10511 -4275
11651 -8884
4581 20651
-10714 17182
-3667 5998
-7649 719
2918 -12028
23 -1199
-1261 9705
1941 9418
-9085 -12919
-6387 -13271
3367 -8582
19431 -543
2588 15061
-13663 3221
3818 -7645
3368 14942
-19453 3610
-10616 -9643
-2816 -5478
5882 -8443
12980 11494
520 -150
-6397 -972
-5945 4531
12715 1717
8316 -539
8838 5899
1927 14006
-16526 865
-500 -13056
8916 10460
-13173 1887
5548 -23469
6267 -8032
9747 -2057
6090 -3543
-11851 4483
2937 1793
5470 -7020
-3270 -4282
2077 13467
4894 11950
-4821 2229
-13655 -5036
1100 -13805
12606 2201
-11743 2204
1511 -17999
16607 3358
-2064 18245
352 8563
-5444 2791
-7601 -11002
-3480 430
6708 6211
10268 -2299
-5962 -6847
-6350 -9016
-334 -8939
10101 -11541
10371 4979
-8968 12722
2612 -12009
15208 7110
-15440 14219
-19950 1376
-9886 -200
-3211 -3194
15249 -5658
-2220 -2758
-5543 2131
-3425 7352
2699 -10782
470 -8162
6173 -2283
11503 6116
-13635 13172
-10197 -4921
8707 -436
-10195 12744
-11318 -14597
7243 -18589
9826 -5962
4426 1347
-3776 9204
-1273 3969
-2426 -8138
-8724 -5483
8492 8251
7465 -1664
109 3352
-11472 24592
-4440 1603
2613 1726
-14431 -7167
6087 -10384
22747 2031
664 5585
4281 5633
-772 18665
-8778 4484
-7658 -9589
3420 -2339
-6721 12716
-16526 -9181
-3816 -13756
11214 -15745
-5278 2180
-3728 -3696
11876 -5976
2251 8029
-3447 15244
56 -2686
3093 -8810
10134 9091
-5100 18850
-5378 -2525
-879 -3793
-1583 -11700
13504 7466
870 19970
3937 1617
1317 -3254
959 -11145
11170 20467
-6110 14607
-1901 -5310
5902 -2244
-2578 -6075
8755 9072
4961 15197
3288 -8064
1620 -5260
6440 990
6862 18570
-9725 1784
-8050 -3010
6741 6244
-3979 -1743
-10322 -13398
6942 -13846
1400 -3011
-10053 -48
2705 -11721
12463 -6741
1934 14682
3138 6620
9103 -3840
-10134 9274
-9700 -1989
15392 -7014
4295 -6369
6196 -11857
16455 8313
-2592 16133
-21604 674
-5665 -5175
-6739 378
3201 -15307
9689 6802
-5689 17254
-3104 -627
-6362 7938
-21414 3754
-11411 -4969
204 -9199
-1027 -36
-8464 2550
-3240 -12001
14748 -2462
10625 -117
-1725 -3411
2294 -8846
18459 10028
-9166 3217
-12512 -201
5107 -707
6730 1628
-5886 11262
-19553 1118
-2818 4106
3415 5067
10412 -7820
-1649 9694
-18281 5178
1173 -1519
5573 20
9740 -5249
-13155 11402
-14510 958
10608 178
4703 -594
9628 1764
-9958 17874
-16330 6816
1987 -2104
5824 4505
6905 9036
-9299 8411
-5179 -10447
6829 -7865
-8111 5564
-4018 -7533
11049 -13355
11131 5305
62 1525
-8409 -2247
4579 -1110
6667 10821
-22028 12735
-13146 7578
594 9871
-8516 -894
-3124 -11603
9187 11689
2507 6932
9598 -1533
-10552 16373
-11348 5758
-3798 -23772
2614 -8645
-4808 180
10618 -9634
2164 11931
-18196 4575
206 6630
-7657 4220
-8141 -15461
1821 -10444
11745 -1
472 -7985
-5769 -6523
11540 2085
14515 11100
1962 8712
-4860 -1041
7807 2435
-7112 16309
-11347 -12284
-3498 -12376
-2809 6431
5980 11464
-18551 -7622
-1330 -13973
5161 -2069
-2089 2678
5589 9329
-10201 1624
-11032 -11579
14533 -2015
8740 18638
-14358 1391
-2777 -7947
4267 4631
389 5267
-2741 4571
-3064 -500
5150 -3163
2143 -8909
-2672 -10451
-4230 -10292
17463 -399
2214 10344
-17958 -8273
-8872 -17119
9313 -6809
20284 7225
-6117 11092
-18485 515
4577 -4297
-5492 -3758
8530 6605
17066 11213
-9043 11236
-7821 3085
-2251 1001
-19597 -7498
-8033 -5325
-1357 -110
2060 -5972
19490 -10271
3589 3373
-13899 17494
747 -13590
10243 -525
5776 16602
5932 -13024
4304 -5000
-15701 7455
3026 -786
3187 277
3984 -7237
5952 13955
-13950 -2145
3239 -6726
16105 15937
8553 -10731
6121 -2125
-5262 2032
5189 -4039
15744 -2003
17308 6188
-3395 11296
-17919 7079
2375 -4863
-2356 -6438
-12226 -5153
598 -9250
11990 2129
-1438 -3902
8098 4062
4791 8757
-1679 3869
-7628 3399
-22580 6578
-2623 -16922
7393 -1043
-506 5860
-88 4383
-5320 939
5169 -6030
8530 8453
11082 -1298
4947 -7812
8714 -12087
7717 14686
-1898 11868
-655 -20028
10931 -9704
8890 1602
19997 4013
2036 20840
5576 5984
-1161 4603
-1471 8660
-8723 17175
-4571 2805
3331 -14076
3102 -13155
14444 -4265
-2247 8550
-8001 -2898
11022 11134
-422 17528
1496 -1848
217 -2389
-12423 -7203
-599 -6827
3628 -10838
12845 -8910
3283 6508
-3647 2603
-3088 -331
2595 -2543
4016 -7388
10929 537
-496 15240
-4316 7858
-11688 -9157
-2872 -4446
5203 3563
-4332 2311
-13872 -11502
-6366 1933
5397 7128
-7527 14113
-8748 1621
-1611 1454
2748 -1316
-7035 -7765
4539 -2992
4532 5676
-3320 -5574
5110 -3402
8704 11766
-1103 300
743 837
-6027 13555
-2776 -7872
19374 -4290
8355 14738
-25059 8525
-24741 -5212
19338 -15555
24925 -6593
-13155 4372
7440 2628
-1210 7757
-3335 -1474
-1991 -1761
-8168 -10136
24738 294
9572 19562
4480 2150
6799 12291
-20048 2341
-1318 -292
1663 2029
-8789 -6176
-15873 -7842
-1325 -9971
3769 -5916
8253 -140
8421 15545
-3053 -2978
-4975 -9443
-5826 11523
-16903 5560
-1218 -1797
-587 7414
-9043 -10741
5515 -10504
-3598 2985
-13835 1804
983 -18037
20377 -2111
9656 12162
-14299 -467
-13743 5112
1148 -921
4966 -10434
-2957 -16444
3149 -9329
17014 -7593
21179 11797
5187 5953
-1327 -2009
-9527 3781
-14238 -10093
12355 -7214
1159 15723
-8611 -3447
5707 730
-10529 -5066
14720 -2980
6577 10587
-7240 2609
-4706 -10946
2014 -3656
-3129 2418
-9953 2628
5095 -5621
7681 -2314
3758 -6523
13727 10291
10311 12230
-15196 6399
-13732 -6216
21391 4585
12483 7267
-5836 -2722
-7050 3445
-1228 1778
-3690 -7958
7197 -9360
9476 4017
7672 9375
-4200 -7406
2795 -14807
4607 -3790
6577 9451
7682 11135
5667 1778
-5991 10204
-10202 4848
4339 -2789
9854 2005
-2281 4349
-16116 -4386
1616 -17422
5585 -2841
-3196 4571
6934 1939
-2896 -3063
-7629 -13920
15300 -805
-2992 -6596
-5483 -10831
14359 -2059
13231 19368
-10924 8071
-8162 -18642
2224 -12668
2143 2264
13686 390
19431 -3735
9964 3573
13336 19253
-3042 21016
-5517 11884
-11516 -10261
2370 -13659
15940 11922
-12923 3977
-6942 -11904
14207 13186
-9333 4015
-10565 1027
426 -6419
8353 -4650
-478 5238
7434 -12074
16076 13746
-10933 20374
-10051 -4501
1283 -6893
-1027 1123
10777 -2581
9628 10837
-11040 11556
-7229 -10288
10837 5087
-162 8157
7705 5680
-4508 4093
-17561 -11306
-5901 -8191
2230 866
-3486 -18667
-1229 -7209
12948 931
15398 -10516
12458 -12688
-7623 9165
-1383 2075
-2067 2858
-5027 4292
-9219 -746
-6320 -10184
-3830 -10196
-2625 -419
-1190 419
-86 2739
3273 5656
-6853 -1524
-8581 -11506
5640 -5860
10520 5880
3227 13168
906 13277
-8473 -5997
-8193 -13436
1954 -10496
4191 12727
-14490 8505
-17065 -12500
3692 -4257
1423 3665
2590 13429
-7906 -13805
-3348 -12797
2901 4988
-6673 -2961
-1399 840
7371 -11866
22026 -3276
-9186 27305
-11749 -3793
14506 -5411
-4804 6838
-8555 -7842
-916 -15786
7619 -1711
5288 9426
-2371 -5689
9418 7502
-9574 18955
-24962 -7935
2072 -11016
6491 -6336
808 2691
213 1685
1783 -1003
-521 1881
