-6236 3751
1397 -4993
5692 -106
-3977 -3021
1234 -4015
-1302 -488
-1304 360
-1853 -1122
2019 -6067
-4510 -4398
50 623
-3188 2902
3226 648
9243 2592
2657 965
-6781 2760
-2816 -1198
3949 4263
1129 178
-2283 4970
-747 -1264
-380 -1722
-1467 1117
1565 -1543
5225 1181
-857 -467
-1473 -5433
2859 -8004
5693 3071
1546 1849
-1721 -2279
3305 -1086
-758 4800
-1614 762
-3268 -2061
-4149 2057
-6379 424
-1107 642
-1033 5123
1365 -3369
-3854 -1246
1054 -818
-2731 1197
-984 -170
40 -6915
1035 -3415
714 -2396
-2117 -1036
4995 3381
-3012 5457
-4486 711
2968 499
-6275 3485
2851 -2250
4 3267
-3352 -4083
2309 -262
1599 -1506
2916 3118
-3066 848
-460 -2608
-887 -5072
-1426 -3701
783 1525
-2322 -5220
-4680 -1209
4743 1882
-1131 4789
771 3276
-2928 505
-2634 1888
-302 -308
1353 1846
1691 2993
2734 -4759
-847 78
-5928 1804
-3919 3694
-464 3075
4103 2958
-2074 -12162
8611 -14902
18222 4472
-5834 15565
-9496 -9498
22193 9468
1178 9766
-19366 -3576
-4421 -7847
-11760 -6989
-1272 5077
5845 -5162
-6921 3783
-6539 9641
2222 -6871
2335 -10142
9927 -2895
19857 -9796
4777 11686
-10563 10143
1223 -9671
19851 9628
-1973 10396
-12407 -8088
-6624 -11472
-8609 -11106
-6629 5502
4867 238
-8476 432
-9520 8013
2639 -8853
3091 -6771
10393 -708
17429 -6336
4599 16131
-10088 8940
8903 -6488
10079 18060
-11764 -329
-11994 -15980
352 -9582
-3869 -9121
-5212 1650
7489 3398
628 -6302
-14752 571
6309 -2348
4893 -1862
2584 13886
17202 2699
-6571 12016
-9755 6303
8792 -8001
3762 19552
-8483 -1859
-7686 -17957
4105 -12882
3065 -8364
-7479 1122
5036 1169
-3384 -7091
-15104 1381
8690 -1850
5016 -783
2233 11886
14422 10188
-15017 7005
-11196 -9081
10136 2388
-8653 22896
-10409 667
4363 -15574
12792 -5927
10300 -10254
-1226 -5315
-2772 3322
5047 -8237
-9993 -10692
7628 2071
6096 1529
-7076 2916
12021 14995
-13139 5464
-12195 -12632
13184 4573
-13338 14814
-9376 -5046
6658 -8085
7688 3492
6528 -4051
-8332 -4437
-2199 6994
7297 -8074
-2564 -11851
7476 2332
10871 4680
-4674 9091
-4526 19667
-15724 -1708
-9358 -13098
6872 8735
-17083 4058
-1112 -8392
23942 -6389
11959 8988
11552 3577
-933 -6023
-4107 8008
8703 -1224
-3772 -13273
-913 7614
-1633 6854
-6700 4820
-11072 19537
-7371 -8887
1950 -10724
2973 13014
-17742 -6331
3955 -8594
8219 4220
2874 7022
4844 11388
232 -3969
-6309 5951
9967 3082
2789 -12933
-1398 5076
-3763 1501
-9553 -1563
-17933 13272
-8970 -14118
12571 -10573
-9893 7021
-16772 -14244
2802 -7543
11714 13242
408 12969
5967 5392
321 -9236
-6660 1622
3818 3065
12221 -10499
-5951 4466
-6547 5808
-7426 -3364
-22430 8041
2213 -17236
11249 -6094
-6118 2646
-7268 -23148
8384 2333
8972 14422
-1851 12597
-4787 8269
5978 -2445
-7071 259
-4588 10546
17487 -1093
-3470 3484
-7783 426
6197 13602
-18193 -2954
440 -13134
-8575 3687
-7208 -14203
-246 -10009
3955 19627
-3107 4919
1245 7008
-6377 11837
-10355 13171
-3956 -12465
-5485 -1049
-7817 19200
-10005 -7680
-6314 -9836
9664 -4626
7 -14043
-15802 -4555
13276 -14339
-664 -3712
-4371 14870
10739 328
-3912 -263
15577 -1020
3228 19742
-14607 14333
5194 6179
-9067 4045
12827 -9621
17150 13677
7525 17065
8683 -706
-5959 103
13304 -17145
16571 9315
5842 1880
9605 -3229
-2661 1881
3069 -20552
8617 -9512
12309 2707
3899 -9323
-11324 -5051
3977 -16607
3802 -2031
3195 16839
6362 -6488
1348 -3296
16063 9897
-13734 1384
-16288 8237
9146 5395
1936 11097
-4645 11841
-13772 -5594
-10312 -15550
-6994 3862
-11608 -6991
2889 -11018
-2285 8120
-14318 4673
-1656 1958
-9259 5892
-16135 -6950
4680 -16571
12427 -10052
-10246 -1258
10730 -9814
4393 7148
-19201 -6035
-6139 -13883
-3912 4065
-9181 -13870
-2199 -10392
9896 250
767 -2631
-16955 -11768
8924 -5390
11422 -9970
-563 14689
11087 11052
5051 -14053
9463 13722
-3003 -1430
-11352 -7495
-3416 7038
1794 3353
-3510 10954
-10745 1447
-7317 -6611
-7666 3230
-2924 -3465
1109 10719
-17780 8031
-16656 2903
-3693 13417
3875 -5566
4627 14836
-12548 12741
-1207 -5444
1139 12006
1873 -10570
20379 10484
1937 12725
-2451 10531
10138 3252
10338 -8486
21037 13995
-320 3495
-12172 810
8836 13609
2691 1655
-16301 2743
-3064 -11595
-5834 -14136
-6440 9493
-4357 -4746
-10276 -11631
5302 -5256
17606 25
441 -6584
11475 -3004
12084 14756
-5453 -7038
-1601 -11479
-5709 -250
-265 -11842
6065 -21708
10395 10458
2018 10724
8251 -3866
2393 5917
-11426 6326
10731 -12118
8508 -4086
-3423 -6210
6277 -11220
15866 764
-4606 12438
7031 10425
17731 -8956
6403 8895
6039 10385
-15416 -1129
-6736 10227
12198 10932
-23978 7582
2008 -5888
16756 -10343
-6525 -8380
505 5092
-11832 -7485
8942 -14435
8505 285
-5739 -9010
7200 -636
-14153 2527
-7659 -16496
2848 -12829
8362 10935
-14764 5731
-4388 -11681
-236 -1301
2525 -552
1021 1701
-5653 2506
-487 3458
-1415 -5737
1246 -5418
-11680 -4587
-5959 -13887
10294 -13852
-3775 5061
-22153 -97
-10124 -16009
10801 -21255
9782 -8715
-1287 8178
-2632 -3971
-9513 -135
3196 3589
14138 -22682
5764 -7254
26425 2874
2385 -17948
2610 12095
969 8144
-4609 -557
15757 14375
-5852 -7905
-11061 -9929
19168 -9046
9917 12250
-16555 12301
8111 -27694
1759 2395
-17452 5319
546 -14076
943 -211
-2542 -7835
2977 -3585
-16053 -4948
-1391 -1314
10689 13672
-22862 -16829
-9963 3942
-9834 7329
-11565 1530
-1549 13389
9239 -499
-9491 13082
-16546 5388
-11855 -11146
-7655 2667
-6145 2569
2228 -2820
4808 -7207
6192 10984
-491 7996
7537 -5755
-2524 15620
-4211 11829
-738 5856
-19761 -150
-2289 -10173
5549 1477
-9105 -229
-8504 9125
-5656 -1153
-758 -11680
-684 -4318
6515 -2650
12453 2632
3127 -6116
15109 -2111
4745 7389
-6086 -11905
4946 -19194
20160 -8407
8933 -24640
24028 -2578
4028 3937
8816 -2915
17456 -9094
4724 7912
9306 20958
-7428 -1485
5911 7910
1738 -14581
-2185 -12986
-4764 18070
-11095 -5912
9989 6083
15249 9207
-3264 -8656
4764 9263
312 675
-12530 12709
-2533 2926
269 -10737
-2866 4491
2522 -561
-11598 -748
-11961 10150
-9136 -8290
-13120 -6765
-4993 -5555
-4184 8372
10520 5296
210 -806
3564 529
24776 -12268
11028 -9013
1198 5515
4177 -12311
5897 -20779
7307 -6159
-3053 -3119
9302 -15307
11278 -6542
-10623 -2880
568 -9336
5766 1222
-6442 10177
-8144 2440
9989 -3060
-15823 2401
-5289 -8067
4143 -3208
-14258 14476
-20010 11284
-13246 -29436
9137 -7641
17934 19436
-10892 -11247
2329 -7456
4748 9367
-4017 -4083
-4784 7772
-795 -6283
18836 -14490
4673 20730
2411 11971
12323 13733
-3914 15264
-1643 -767
-2712 10876
-3111 12391
-13877 1013
-21986 3930
384 -1855
-13178 1827
11414 3960
11575 997
-12893 -13674
7953 -11600
-12007 12219
-7136 14190
9713 3152
-1886 11255
-3948 -485
-15051 -11423
5436 13153
-12751 18119
-18993 -3155
9572 -19780
1135 3498
3353 22232
-1145 -2768
-11288 5798
-1000 13243
-11977 2823
-17183 5043
-13731 -3898
-8588 -17438
-13154 -65
-11870 -6367
9067 -1497
-10314 4493
-6190 -10895
13190 2098
-8541 -1583
15211 -6968
1924 1130
-12890 -9669
6239 -8568
-5989 -1833
8799 8056
-2335 3307
4875 -15227
9831 -1728
-16629 -526
5045 -480
-2001 5141
-22778 9972
-5088 -4651
2399 -20268
2455 14703
-11618 7315
-10286 -4361
-1485 13823
-8277 1636
7634 -5774
15372 771
1776 8135
5567 21994
-764 -2314
11678 159
10731 947
4424 1563
2443 12430
2182 7493
8566 13271
-5673 5817
75 6800
10296 7500
1214 12025
-11988 22099
1091 -3880
-443 -12918
-9603 10096
1800 4202
5742 1130
-9142 1526
6995 -7444
3735 -5596
-8208 8994
-8709 -19189
9922 -19132
22327 17467
-3479 3808
-25373 -5733
-3423 2090
1447 -9788
-12497 -2977
2514 -12215
-1388 -21758
8871 -17313
19325 4469
12305 -6132
-2346 18002
-9438 -29497
8426 -14796
4946 15517
-1769 -19703
-382 -805
13772 4111
7423 285
-13472 5978
4803 -9138
530 13720
-23291 1145
1507 -18422
14053 -8294
8239 4788
-1438 -7800
-2096 -9124
-10529 6086
-16101 -17559
6588 -6917
4202 11964
-5359 -6994
1195 -8174
-12859 -4065
1941 -9975
4809 -13741
3202 -447
14127 -2601
17366 -11865
3052 12817
12945 3889
21794 15925
8172 17871
10439 -1680
9475 -554
-6879 -1485
-10775 4113
2748 -7994
4623 -11831
-7177 -1765
777 -16562
-10782 -8575
-2344 5790
-6787 -5208
-11258 -11495
2790 -21395
-891 -2762
-2962 7316
-2761 18230
-6982 10223
-9395 -5867
-7154 -4686
12949 -4876
-455 8902
-23349 3800
-3349 -10898
-7898 5390
4219 9545
2843 7900
-14534 6065
5907 -11505
-15272 4797
-3342 14262
-3039 2659
-21424 -9404
27305 3285
1097 11627
-21588 -1917
12613 1276
-514 -1030
-7532 13438
-6366 -871
-5666 -14864
3807 4452
-9541 -2359
8569 -24120
19880 2372
9682 14318
-7435 -38
2466 -3973
2194 -73
-887 2684
-355 -5269
7796 4073
1600 2247
4817 112
-3572 3411
356 -3776
536 -5512
2127 1800
-2774 3347
-1032 -1729
-139 2036
6375 -168
-2874 -2249
