4393 4674
-1445 -2985
2234 -1885
-263 -1440
74 1492
1690 589
-1935 -2471
1810 -5133
-1918 -4438
-1096 944
5591 1685
-2143 -1902
188 2759
-1048 -435
2461 1679
529 -655
-2033 1896
-1096 -733
-2957 -5
-58 1250
962 -1561
1667 -2707
-4106 4038
1874 4258
-504 2254
-833 2351
3894 245
-283 -384
872 -2674
820 3452
582 -3389
1991 -206
-1246 -2754
-2910 -541
6609 2532
168 2310
-3089 -656
3105 -4096
-2496 -1873
-1844 1938
-2412 2310
-1057 -4896
-159 -895
2383 2013
4710 -681
-2802 -1629
-4336 -3457
-1503 -934
-2296 -2578
-3073 390
1674 -1522
-4994 -1528
3938 -970
-39 2343
-1259 -904
1464 2266
743 333
-1014 -1546
3107 2228
-818 2642
3961 193
309 -581
978 520
-4360 1107
-408 3096
-1225 441
586 -1420
414 -1407
-1246 3804
-2243 -3131
127 2513
-2119 -3312
-431 -173
827 1572
-6306 -1117
3267 -5227
98 3050
-466 -101
-321 -2267
-2460 1804
8238 4749
8246 10626
-10154 6902
-13754 -7948
6670 -2462
-4232 10954
-4781 -7477
9521 -18460
7543 -7359
6027 -12082
-5084 -2101
-7341 12126
5030 1431
-9004 -4070
583 -3829
8643 10176
4952 11001
2681 9461
-16527 4671
-11980 -9997
4974 -1417
-9336 8960
-8088 -6253
16230 -11323
10477 686
12548 -5066
-5106 -437
-9738 4802
6651 4773
1220 -12983
1821 -6424
2286 11427
-1323 6843
1737 9160
-9674 -6048
-6046 -17220
4591 1229
-12802 2429
-1222 -11175
19204 482
14157 5576
12799 2074
-3372 -5475
-10641 1431
1952 1685
4375 -11198
3359 -5568
-4027 12910
-4614 7710
107 10462
-9036 -13226
5156 -17961
7828 4191
-18872 -6681
7469 -9127
17314 7814
9400 5997
12709 9588
-5469 -2305
-8924 -4367
836 9278
6113 -6134
906 -7324
-7168 8190
-7584 3124
-7887 5044
-8811 -13046
11221 -10461
-2103 11109
-10466 -10387
8137 -8113
11237 14054
6085 10985
8518 12834
2256 -6215
-6872 -6760
-6796 5970
10542 -3609
5628 -472
-11852 7026
-10551 3094
-9801 3916
1268 -11446
15354 -4797
-3784 536
-5203 -15412
5031 -2348
4947 13389
-1395 11394
4988 12590
527 -1677
1487 -9810
-2436 3784
11911 1212
9617 -1419
-11460 -3263
-9254 -2845
-13762 1898
6699 -12385
18987 4050
-5102 3261
-1052 -13834
9349 3479
200 17684
-5862 4176
-3333 5396
8881 -6500
-2160 -13687
-4354 4146
5995 6200
-1181 561
-9168 -5743
-10040 -1532
-8109 -5227
11132 -7923
15675 9766
-3375 -4494
4493 -14216
5025 6443
-11850 11947
-10472 5015
-6645 9307
5330 4415
9778 -6510
-9406 -5903
4775 9707
-2406 -584
-2993 -8064
-524 -11111
-2253 -9145
13300 -3496
5612 16671
-10018 -2694
12593 -4926
2116 5843
-14005 4743
-5852 -1396
-11025 7488
6840 2322
10223 1359
-175 -7172
-893 12473
-2590 2731
516 -10608
194 -13922
-2804 -7635
13122 3066
3104 20296
-7282 -3028
17655 -1733
1 9439
-12031 -2186
-11363 -3165
-11758 -1702
7003 5310
6604 1868
-2982 -6086
-3735 4506
-4143 4111
5395 -10593
-13441 -2561
5637 -11055
12469 742
-241 -16123
7146 -868
-177 10736
-7507 -2668
-10039 -6185
-5892 3064
-3404 -5561
2540 -13074
10287 -929
10032 -3066
-5115 -12463
2564 -3172
9495 -577
2183 13974
3317 9629
8178 -9615
8037 4304
-13419 5384
-14400 -6983
-3961 4819
1414 7439
6108 10912
-14834 -4754
-8995 -9537
-4973 9926
1626 614
12900 8629
-8107 5556
-13578 -688
-789 12569
6409 -5659
11901 9026
-11396 12323
-3787 347
5458 8027
2728 -7595
13244 -5312
-2218 11769
2830 7300
9870 4416
4191 -11804
6385 4497
-8329 10195
-12836 -1036
1522 5299
-3124 9802
-7234 1360
-975 -14605
4373 -21310
-9714 6653
-6233 1028
-31 -8420
7498 -6424
13926 863
3193 -10032
11037 -6771
2546 13203
-10465 2065
-4274 -13269
-9117 -2146
-8230 -11553
14319 -10366
12571 9685
2519 11008
7852 32
4499 7165
-12280 1146
-1490 -8858
11344 -5062
-6092 -10411
4012 -3623
14948 8802
-5086 10027
-3750 7490
13254 -2970
7872 7098
-4661 11045
-12117 1747
-7956 1853
1678 14135
-8430 242
-4984 -14508
12577 -8919
-4393 -8307
-6099 -1524
-16713 5713
7716 -10495
17694 -2558
-7080 -8007
-255 -2631
-9099 11068
1348 -10940
6793 -10937
-11249 -1443
3195 10664
-7050 12312
-6417 -14794
2300 -8776
-11638 -1407
7124 4902
-346 10716
-12985 -1025
-8925 -4372
-7228 8230
7804 12356
-3446 1206
-6598 -8307
6186 -13349
-13029 -5490
-8208 1436
3020 -10182
15639 23
14809 5325
1085 -10813
-2932 -6633
7020 5564
2541 10585
-9439 13714
5059 5715
6734 5098
-12881 -6180
5091 -5318
8128 5854
1593 -15622
8699 -1993
1788 17877
-9748 10564
-16573 -4352
-4316 9379
-10451 -137
8945 -13938
8842 11902
1441 7422
8821 -1223
-2079 7208
-12015 8177
-4663 -3077
-5965 -4934
-3401 9495
-9995 8795
-7860 -7192
5299 -14297
-701 -6752
-11174 -433
-286 -7799
14793 -1117
2225 11674
6299 2813
-3163 -1957
675 -9938
7433 11338
-3467 14691
6852 -4339
-1143 -2598
-4515 -9338
12345 1544
7576 9537
-11179 3518
-8530 -14141
10698 1310
1187 5740
145 3582
183 1007
2399 -2833
-1044 86
1931 2583
4899 2027
6115 -4405
12178 -8378
5163 8120
-8722 -397
4869 -15402
9688 -9616
4539 15753
-1108 19221
-7066 -9788
-1117 -7606
2647 -3358
-3208 -56
12465 15884
7046 11921
-4384 -424
6394 7351
-9693 1441
-17993 -5152
-6692 3968
-8380 9018
7264 -7420
15021 -4663
-5279 5623
-9538 11201
-4358 -7602
20892 9687
1069 527
1070 -18654
1526 7124
-6357 2504
8698 1256
2659 -1474
8469 -16650
5350 6146
-13138 10628
11241 -7515
4475 -9252
-12926 -7295
-1103 -5952
-6821 -2290
-3362 -599
-7172 -9243
3474 -16549
14167 -6034
4122 -2515
1589 -2884
-605 7364
-851 15221
-5003 10574
-9862 -4434
707 595
-4235 -13596
-8783 -11189
-11151 543
5502 -11276
16449 -2211
-1822 5818
-531 -4982
-2810 -3919
-5562 1945
2403 -1199
3828 1234
-975 770
-8241 7411
4735 11014
3047 7406
-7013 -1330
6410 -4248
15951 9504
8196 11138
11396 6412
-9407 16174
-13970 -4670
126 5546
-3079 5410
-7496 -1987
-18626 -2931
-245 -711
1980 -653
14898 -3625
12772 3088
-7967 -10751
1255 -6922
-9116 16571
-3272 9569
10452 3369
-4241 1556
-5288 -6921
-4038 -12407
-5111 -6443
17797 7253
5341 -3325
565 -1922
1066 -2187
-4684 -7143
-4 -2733
11725 -1257
6529 3192
-4818 -2198
-8045 7541
-8272 6273
3436 703
5761 6703
-2445 6601
1168 1767
6479 193
7833 7075
82 12209
4795 -8538
3880 11251
-4148 11670
94 -11331
2765 1639
-11303 7227
390 -3049
7549 -6728
132 -19
3263 -5868
14623 -435
-1657 5116
-15744 -9912
-745 -13369
27305 869
8436 14771
-21554 11407
-3377 1174
8760 1064
-9416 -6440
-747 -4004
-5893 -4916
1678 -2938
9572 15071
-20884 -3536
-11220 -7489
-6489 11275
-5418 -8941
3068 -10996
-6743 -3714
-10738 -3602
7028 -7361
8622 -15889
1573 1728
861 5280
-2035 15192
-8664 10710
9056 -1827
5649 1524
-9863 -9119
-4744 -10237
-3649 10635
-6057 2929
8094 -3996
13181 -7533
-9034 3235
-11527 -15487
11773 -7832
16538 20241
-807 3314
-18706 -6388
-6632 4074
-277 -5422
-5757 -15659
106 -13975
1857 -12514
7656 -4958
20049 4083
4707 -3866
7337 -4029
-11380 12702
-12014 -4869
14825 -1390
-4564 13668
3121 -1723
6582 9012
-8084 3212
8127 -14003
5154 4353
-212 1049
-7246 737
707 588
13588 7979
7319 5920
3181 -14817
-7664 -7068
-3203 2562
2247 -14547
2264 -10823
13283 10515
921 -437
-9741 -15775
2321 -6870
-6916 3536
6945 -1722
879 6758
-5550 9285
-2594 7189
-21462 -1995
-2199 -301
170 13443
2871 9227
-1012 4145
-8570 -7632
-16155 -2621
-11439 22
1588 -3886
433 -7463
-5483 2081
-11669 12572
-4679 -9525
11367 -7857
3366 10988
-6094 -4505
115 -347
-7669 10444
-2394 -3628
7838 6043
-4341 10997
547 -10215
12024 -3868
5296 9950
-18502 10882
-4902 38
10664 -15856
-3852 -8137
-925 3742
15314 -320
12865 2202
14307 8083
4893 17967
-10178 19215
-2523 5191
-17607 -6859
16693 -3117
6659 11033
-11905 -6093
1456 -5015
6595 7204
-8456 1449
-12911 3719
-499 -9932
6001 26
-8177 -3780
5678 -17829
22755 4474
5870 14460
-6070 2324
3632 2555
3289 -679
1972 -15296
16446 -15358
-2655 12759
-11514 5105
10148 2385
8389 -724
8724 -11025
3945 5368
4927 14224
4891 -1465
471 7609
-9804 18983
-898 2257
-7379 -5024
-15614 3008
-11543 783
8201 3941
3347 -2841
5963 -9558
8610 -12878
3677 1052
8559 6454
6153 3539
1816 -3307
-844 -4902
-6331 -4534
-330 2332
7868 -512
16269 2928
-3686 2854
-7949 4202
-15559 -6755
-9891 -7417
8023 1909
16896 -14924
3897 2199
-9509 996
-1645 -15415
8619 -2756
555 -7926
-5626 3543
-12348 3717
10603 -8234
9472 6061
-3325 -8026
-5638 -12452
-7141 -573
19929 -8540
415 13788
-15003 3439
13739 -10635
-64 13141
-6245 -233
-1206 -7528
-2636 -12981
5636 3375
1011 4711
1186 -5307
17910 6847
-10939 12853
-16017 364
4477 -5637
2850 -676
-1298 2034
-2954 -2232
-146 52
-761 -1520
-4390 1075
-861 -220
-1571 1945
414 -1762
-441 -2286
