0000000000000000
1111111111001101
1111111110011100
1111111101101011
1111111100111100
1111111100001110
1111111011100011
1111111010111011
1111111010010101
1111111001110100
1111111001010110
1111111000111100
1111111000100110
1111111000010110
1111111000001001
1111111000000010
1111111000000000
1111111000000010
1111111000001001
1111111000010110
1111111000100110
1111111000111100
1111111001010110
1111111001110100
1111111010010101
1111111010111011
1111111011100011
1111111100001110
1111111100111100
1111111101101011
1111111110011100
1111111111001101
1111111111111111
0000000000110010
0000000001100011
0000000010010100
0000000011000011
0000000011110001
0000000100011100
0000000101000100
0000000101101010
0000000110001011
0000000110101001
0000000111000011
0000000111011001
0000000111101001
0000000111110110
0000000111111101
0000001000000000
0000000111111101
0000000111110110
0000000111101001
0000000111011001
0000000111000011
0000000110101001
0000000110001011
0000000101101010
0000000101000100
0000000100011100
0000000011110001
0000000011000011
0000000010010100
0000000001100011
0000000000110010
