 -8444 -14598
-10996   6930
-12550   2184
  2657 -13490
  1515  -3458
-11430   -793
  1094  13733
 -7857   9305
 -7659  -7743
 -2460  -5223
-10866   6002
  2748  15380
 -6782    974
 -4625  -4615
 16159  -6733
 -6898 -10872
 -9224  -2440
  7194  -8758
  6749   3248
 13125   8828
  4018 -12724
 -2512  -7236
 10859   1166
  1033   6449
-12204  11428
  4984  12305
  4849  13046
-10936  -3138
  5213  -2567
 15729   2288
  4904 -14297
  8459  -6410
  8384  14630
 -9814   4049
-14814  -3009
 -5998  14722
 -4824   3236
  2723 -11050
  8898  10704
  8202  10438
 15979  -4915
  5087   4099
 -4370  10010
 -5038  -5768
-13103  -2519
  1157  15778
  -525   7472
-11177   1899
  2464  -9216
 -6008 -11388
-13884  10663
 -1700  -6308
  4226  -5387
 11870  10162
 10677  -6328
 -3259  -4764
 -2809 -10522
 12005  -2060
 11292   7899
  5108 -10256
 -3750   -415
-13022  -4410
  8145  -9796
